algorithm: Greedy
n: 100
capacity: 1803
status: success
total_value: 16704
total_weight: 1803
is_valid: True
selected_item_count: 51
indexing: 0-based

binary_selection_vector:
1,0,1,0,1,1,0,0,0,0,0,0,1,0,1,0,1,0,1,0,1,1,0,1,1,1,1,1,0,1,0,0,0,0,0,0,1,1,0,0,1,0,0,1,1,0,1,1,1,0,1,1,0,1,1,1,0,0,1,0,1,1,1,1,1,0,1,0,1,1,0,1,1,1,1,1,0,0,0,1,1,1,1,0,0,0,0,0,0,1,0,0,0,1,0,0,0,0,1,1

selected_item_indices:
0,2,4,5,12,14,16,18,20,21,23,24,25,26,27,29,36,37,40,43,44,46,47,48,50,51,53,54,55,58,60,61,62,63,64,66,68,69,71,72,73,74,75,79,80,81,82,89,93,98,99
