algorithm: Greedy-SA
n: 10000
capacity: 1491343
status: success
total_value: 8504262
total_weight: 1491343
is_valid: True
selected_item_count: 5144
indexing: 0-based

binary_selection_vector:
1,0,1,1,1,1,1,0,1,0,0,0,0,1,0,1,0,1,0,1,0,0,0,1,0,1,1,1,1,1,1,1,1,0,1,0,1,0,0,0,1,0,0,0,0,0,1,0,0,1,0,0,0,1,0,1,1,1,1,1,1,1,0,0,1,0,1,0,0,1,1,0,1,1,1,0,0,1,0,0,1,0,0,0,0,0,0,1,0,0,1,0,0,0,1,0,1,0,0,0,0,1,0,1,0,1,0,1,1,0,1,1,1,0,0,0,0,0,1,0,0,1,1,0,0,0,0,1,1,1,0,0,1,0,1,1,0,0,1,1,1,1,0,0,0,0,1,0,0,1,0,1,0,0,1,1,1,1,1,1,0,1,1,1,0,0,0,0,0,1,0,1,0,1,0,1,0,1,1,0,1,1,1,1,1,0,1,1,1,1,0,0,0,0,1,1,0,1,0,0,1,1,1,1,0,1,1,1,1,1,0,0,0,1,0,1,0,0,1,1,0,1,0,1,0,0,1,1,0,0,1,1,0,0,0,0,1,0,1,1,0,1,0,1,0,0,1,0,1,1,0,1,1,0,1,1,1,1,1,1,0,0,0,0,1,1,0,1,0,1,1,0,0,0,0,0,0,1,1,0,1,0,1,1,1,1,1,1,0,0,0,0,1,0,1,1,0,0,1,0,1,1,0,0,0,1,1,1,0,1,0,1,1,0,0,1,1,0,0,1,1,1,1,1,1,0,1,1,1,1,1,0,1,0,0,0,1,1,1,1,0,0,1,0,0,1,0,1,0,0,1,0,1,1,0,1,0,0,0,0,1,1,1,0,0,1,0,1,0,0,1,0,0,1,0,0,0,0,0,1,1,1,0,0,0,0,1,0,0,0,1,1,0,1,1,1,1,0,1,1,1,1,1,1,1,0,1,1,1,1,1,1,1,1,0,1,1,1,1,0,1,1,1,0,0,1,0,0,0,0,1,1,0,0,1,1,1,0,1,0,0,1,1,1,0,0,0,1,0,0,1,0,1,0,1,0,1,1,0,0,0,0,0,1,0,1,0,0,1,1,0,0,1,1,1,1,1,0,0,1,0,0,0,0,1,1,0,0,1,0,1,1,1,1,0,1,1,0,0,1,1,1,0,1,0,0,0,1,0,0,1,1,0,1,1,1,0,0,1,0,0,1,0,0,0,0,1,1,1,0,1,0,1,0,1,0,0,0,0,1,1,1,0,1,1,0,1,0,1,1,1,0,0,1,0,0,1,1,1,0,1,1,0,0,1,1,1,0,0,1,0,1,1,0,0,0,1,0,1,1,1,0,1,0,0,0,1,1,0,0,1,0,1,0,0,0,1,0,1,1,0,0,1,0,1,0,1,0,0,1,0,0,1,0,0,1,0,0,0,0,1,0,1,0,1,0,0,1,0,1,1,0,1,1,0,0,0,1,0,0,1,0,1,0,0,1,1,1,0,0,0,1,1,1,0,0,1,1,0,1,1,0,1,1,0,1,0,1,1,0,0,0,0,0,0,0,1,0,0,1,1,0,1,0,0,1,1,1,0,1,0,0,1,0,0,1,1,1,0,1,0,1,0,0,0,1,1,1,0,1,1,1,1,0,0,1,0,0,0,1,0,1,1,1,0,0,0,1,0,0,0,0,0,1,1,1,1,0,1,0,1,0,0,1,1,1,0,0,1,1,0,1,0,1,1,0,1,0,0,0,0,0,1,1,1,1,0,0,1,1,0,0,1,1,1,1,0,1,1,0,0,1,1,1,1,1,0,0,1,0,0,0,0,1,1,1,0,1,0,0,1,0,1,0,1,1,0,0,0,0,1,1,0,1,0,1,0,1,1,0,0,0,0,0,1,0,0,0,1,1,0,0,0,0,0,1,1,1,0,1,0,0,0,1,1,0,0,1,1,1,0,0,1,1,1,1,1,0,0,1,1,0,0,0,0,1,1,0,1,0,1,0,1,1,0,0,0,1,1,0,0,1,0,1,1,1,1,0,1,1,0,0,1,1,1,0,1,1,0,1,1,1,1,1,0,0,1,0,0,1,1,1,1,0,0,0,1,1,0,1,1,0,0,1,1,1,0,0,1,0,0,0,1,0,0,0,1,1,0,1,1,1,1,0,0,1,1,1,1,0,1,1,0,1,0,0,1,0,0,1,0,1,1,1,1,0,1,0,1,1,0,1,1,0,1,0,0,1,0,1,1,0,1,0,1,1,0,1,1,0,0,0,1,0,0,0,1,1,1,1,1,0,1,0,0,1,0,1,1,1,0,1,1,1,1,0,1,0,1,1,0,1,1,0,0,0,0,0,0,1,0,0,1,1,1,1,1,1,1,0,0,1,1,1,0,0,1,1,0,1,0,1,0,1,1,0,1,1,1,1,1,0,1,0,1,0,0,1,1,0,1,0,0,1,0,1,1,0,1,1,1,1,0,0,1,0,0,0,1,0,1,0,1,1,0,1,1,0,1,1,0,0,1,0,1,0,0,1,1,0,0,0,1,1,0,0,1,0,1,0,0,1,0,1,1,1,0,0,1,1,0,0,0,0,1,0,0,1,0,0,1,1,0,1,0,0,1,0,1,0,0,1,0,0,1,1,0,1,1,0,1,0,0,1,1,0,1,0,0,1,1,0,1,1,1,0,0,1,1,0,1,0,0,1,0,0,0,1,1,1,1,0,1,0,0,0,1,0,0,0,0,0,0,1,0,0,1,0,0,1,0,1,1,1,1,0,0,1,0,0,1,1,1,0,0,1,0,0,0,0,0,1,1,0,1,0,1,1,0,0,0,1,1,1,0,0,1,1,1,0,0,1,0,0,1,0,1,0,1,0,1,1,1,1,1,0,0,0,0,0,0,0,1,0,0,1,1,1,0,1,0,0,0,0,1,1,0,0,1,1,1,0,0,1,0,0,0,1,1,1,1,0,0,1,0,1,0,0,1,1,0,0,1,0,1,0,0,0,0,0,1,0,1,0,0,0,0,0,0,1,1,1,0,1,1,0,0,0,0,0,0,1,0,1,1,0,1,1,0,0,0,0,1,1,1,1,0,0,1,1,0,0,1,1,0,1,1,0,1,1,1,0,0,0,0,0,1,0,1,1,0,1,1,1,0,1,0,0,1,1,1,0,1,0,0,1,1,0,1,1,0,1,1,1,0,0,1,1,0,0,0,1,0,1,0,0,0,1,0,1,1,1,0,0,1,1,1,0,1,1,1,0,0,0,1,1,0,0,0,1,1,0,1,1,0,0,1,1,1,1,0,1,0,0,0,0,1,1,0,0,0,0,1,0,1,0,1,0,1,1,1,1,1,0,0,1,0,0,1,1,0,0,1,0,0,0,1,1,1,1,0,1,0,0,1,1,0,0,0,0,0,0,1,1,1,1,1,0,0,0,0,1,1,0,1,0,0,0,1,0,1,0,1,0,0,1,1,1,0,0,0,1,0,1,1,0,0,0,1,1,0,1,0,0,0,0,1,0,1,1,1,1,1,1,1,1,1,1,0,0,0,1,1,0,0,0,0,1,0,0,0,0,1,0,1,0,1,1,0,1,1,0,0,0,0,0,1,1,0,1,1,0,1,1,1,1,1,0,0,0,1,1,1,1,0,0,0,1,1,1,1,0,0,0,0,0,0,0,1,0,1,1,1,1,1,0,1,1,0,0,1,0,1,0,1,1,1,1,0,0,0,1,1,1,0,0,1,0,0,0,1,0,1,0,1,0,0,0,1,1,1,1,0,0,1,1,0,1,1,0,1,0,0,1,1,1,0,1,1,1,0,1,1,0,0,1,1,1,1,0,1,1,0,1,0,0,1,1,1,0,0,1,0,1,1,0,0,1,1,1,1,1,1,0,1,1,1,1,1,0,1,0,1,0,1,1,0,1,1,1,0,1,0,1,0,1,1,1,0,0,0,1,0,0,0,0,1,0,1,0,0,1,1,0,1,1,0,1,1,1,0,0,0,1,0,1,0,1,1,0,1,1,0,0,1,0,0,0,0,1,0,1,0,1,1,0,0,1,0,0,1,1,1,0,1,1,0,0,1,0,0,0,0,0,0,1,1,0,1,1,0,1,0,1,1,1,0,0,1,1,0,1,1,1,1,0,1,0,0,1,0,1,1,0,0,1,0,0,1,1,0,0,1,0,0,1,1,0,0,0,1,1,1,0,0,1,1,1,0,0,0,1,1,1,1,1,0,1,1,0,0,1,0,1,1,1,1,1,0,1,0,1,0,1,1,0,1,1,0,1,1,1,1,1,0,1,1,0,0,1,1,1,0,1,1,1,0,0,0,1,1,0,1,0,0,1,1,1,0,0,1,1,0,1,1,0,1,0,1,1,0,1,1,1,0,1,1,1,1,1,1,1,0,0,1,0,0,1,0,0,1,0,1,0,1,0,1,0,1,1,0,0,0,1,1,0,1,0,1,0,1,0,0,1,0,0,1,0,0,0,1,1,0,1,1,1,0,1,0,0,0,1,0,0,0,1,1,1,1,1,0,0,1,1,0,1,0,1,1,1,0,0,0,0,0,1,0,1,1,0,0,0,0,1,1,1,0,0,1,1,0,0,0,0,0,1,1,1,1,1,1,0,0,0,0,1,0,1,0,0,1,1,1,0,0,0,1,0,0,0,0,1,1,1,1,1,1,1,0,0,0,1,0,1,0,0,1,0,0,1,1,1,1,0,0,0,0,1,0,1,0,0,0,1,0,0,0,1,0,1,0,0,0,1,0,0,0,1,1,1,0,1,0,0,1,1,0,0,0,1,0,1,1,1,1,1,1,1,1,1,0,0,0,1,0,1,1,1,0,0,0,0,1,0,0,0,1,1,1,1,1,1,1,1,0,1,1,1,0,1,0,0,0,1,1,1,0,0,0,1,1,1,0,0,1,0,0,0,1,0,1,0,0,1,0,1,1,1,0,1,0,0,0,1,0,1,1,0,0,0,1,0,1,0,0,0,1,0,0,1,1,0,1,0,1,0,0,1,1,0,0,0,1,0,1,0,0,1,1,0,1,0,1,1,1,1,0,0,1,1,1,0,1,1,0,0,1,0,1,0,0,1,0,0,0,0,1,1,1,1,1,0,0,1,1,1,1,0,1,0,0,1,0,1,0,0,1,1,0,0,1,0,0,0,0,0,1,1,0,0,0,1,1,1,1,1,1,0,0,0,0,0,0,0,0,1,0,0,0,0,0,1,0,0,1,0,0,1,1,1,1,1,0,1,0,1,0,1,1,0,0,0,0,1,1,0,1,1,0,0,0,1,1,1,0,1,1,1,0,1,0,1,1,0,0,0,1,1,1,1,0,0,0,0,0,1,1,1,0,1,1,1,1,0,1,1,0,0,0,1,0,0,0,0,0,0,1,0,1,0,1,0,1,1,0,1,0,1,0,0,1,0,1,0,1,1,0,1,0,0,0,0,1,1,0,0,1,0,0,1,1,0,0,1,0,1,0,1,0,0,0,1,1,0,1,0,1,0,1,0,0,1,1,1,0,1,0,0,1,0,0,1,0,0,0,0,1,0,0,1,1,0,1,0,0,0,1,1,0,0,1,1,0,1,0,0,1,0,1,0,1,0,0,1,1,0,1,0,1,0,0,0,0,1,0,1,0,1,0,0,1,0,1,1,0,0,0,1,0,0,1,0,0,0,1,0,1,1,1,1,1,0,1,1,0,1,1,1,0,0,1,1,0,0,0,0,0,1,1,1,0,1,1,0,1,1,0,0,0,1,0,0,1,1,1,0,1,1,0,0,1,1,1,1,1,1,1,0,0,0,1,1,1,0,1,0,0,0,0,0,1,1,1,1,0,0,1,0,0,0,1,0,0,0,0,1,0,0,0,0,1,0,0,1,0,1,0,0,1,1,1,1,1,0,1,0,0,1,0,1,1,0,1,1,0,0,0,0,0,0,1,0,1,1,0,0,1,0,1,1,0,1,0,1,0,1,0,1,0,0,0,1,1,0,0,1,0,0,0,0,0,0,0,1,0,0,0,1,0,0,0,0,1,1,0,1,0,1,1,0,1,1,1,0,1,1,1,1,1,0,0,1,1,1,1,1,0,0,1,0,1,0,0,0,1,0,0,1,0,1,0,0,1,1,0,0,0,0,0,1,0,1,0,1,0,1,1,0,0,1,1,1,1,0,0,1,0,1,1,0,1,1,0,1,1,1,1,1,1,0,1,0,1,0,0,1,0,1,1,1,0,0,0,0,0,0,0,0,1,1,1,0,1,1,0,0,1,1,0,1,1,1,0,0,0,1,0,0,1,1,1,1,1,0,0,1,0,0,0,0,0,0,1,1,1,1,0,0,1,0,0,0,1,0,0,0,0,1,1,1,0,1,1,1,0,0,1,0,0,1,1,0,0,1,0,0,0,1,1,1,0,0,1,0,0,1,0,1,0,1,0,0,0,0,1,0,0,1,1,1,1,1,0,0,1,1,1,1,1,1,0,0,0,0,0,1,0,0,1,1,1,1,0,1,1,0,1,1,1,0,1,0,0,0,0,0,1,1,0,1,1,0,1,1,0,1,0,1,0,0,1,1,0,1,1,1,1,1,1,1,1,0,0,1,1,0,0,1,1,1,1,1,1,0,0,0,0,0,0,1,1,1,0,0,0,0,1,1,1,1,0,0,0,1,1,0,0,1,1,1,0,1,0,1,0,1,0,1,0,0,1,1,1,1,0,0,1,0,1,1,0,1,1,0,0,1,0,0,0,1,0,1,0,1,1,0,0,0,0,0,0,1,1,1,1,0,1,0,1,0,0,0,0,0,1,0,1,0,0,1,1,1,1,1,0,1,0,0,0,1,0,0,0,0,1,0,0,1,0,1,1,0,0,1,1,1,0,1,1,1,0,1,0,1,0,0,0,0,1,0,0,0,1,0,1,1,1,0,1,1,0,0,0,1,0,1,1,1,0,0,1,0,1,0,1,1,0,1,1,1,0,0,0,0,0,1,1,1,0,1,0,1,1,0,1,1,1,1,1,1,0,0,1,1,0,0,1,0,1,0,1,1,1,1,1,1,0,1,1,1,1,0,0,1,0,0,0,1,1,1,0,1,0,1,1,1,0,0,1,0,1,1,0,0,0,1,1,1,0,1,0,0,0,1,0,0,1,1,1,1,1,1,1,1,1,0,0,1,1,0,0,1,0,1,0,0,1,0,1,0,1,1,1,0,1,1,0,0,1,1,0,1,1,0,1,1,0,1,1,1,1,1,0,1,0,0,1,0,1,0,0,1,1,1,0,0,1,1,0,0,1,0,0,1,1,1,1,1,0,0,0,1,0,1,1,1,0,1,1,1,0,0,0,0,0,0,0,1,0,1,0,1,1,0,1,1,1,0,1,0,0,0,0,0,1,0,0,0,1,0,0,0,1,0,0,0,1,0,0,0,0,0,1,0,1,1,1,1,0,0,1,0,0,1,0,0,1,0,1,0,0,0,0,1,0,0,1,0,0,1,0,0,0,0,1,1,0,0,1,0,0,1,1,0,1,0,1,1,0,1,0,0,1,0,0,0,1,1,1,0,0,0,0,1,1,0,0,1,1,0,1,1,0,1,0,1,1,1,0,1,0,0,0,0,1,1,0,1,1,0,1,1,1,1,1,1,1,0,1,1,1,0,0,1,1,0,0,1,1,0,1,1,1,1,0,1,0,0,1,0,0,0,0,0,0,1,0,1,0,1,0,1,1,1,0,1,0,1,0,0,0,0,1,0,0,1,0,1,0,0,0,0,1,0,1,1,0,1,0,0,1,1,1,0,0,1,0,0,1,0,0,1,1,1,1,1,0,1,1,0,0,1,1,0,0,0,0,1,0,0,0,0,1,1,0,1,1,0,1,0,1,1,1,0,0,0,0,0,0,1,1,1,0,0,1,1,0,1,0,1,1,1,1,1,0,0,1,0,1,1,0,1,0,1,0,1,1,0,0,0,1,1,0,1,0,1,0,0,0,1,1,1,1,1,1,1,0,1,0,0,0,0,0,0,0,1,1,0,1,1,0,1,1,1,1,0,1,0,0,0,1,0,0,1,1,0,1,0,1,0,0,1,0,1,1,0,0,1,1,1,0,1,1,1,1,1,0,0,0,0,1,0,0,0,1,0,0,0,0,1,0,0,1,1,0,1,0,0,1,1,0,1,0,1,1,1,0,1,1,0,1,1,0,0,0,0,1,0,0,1,0,1,1,1,1,1,0,1,1,0,0,0,1,1,1,0,0,0,1,0,0,1,0,1,1,0,1,0,1,0,0,0,1,0,1,0,0,0,0,0,0,1,1,0,1,0,0,1,0,0,0,1,1,0,1,1,1,1,1,0,1,1,0,0,1,0,0,1,1,0,0,0,0,0,0,1,1,0,1,1,0,0,1,1,1,1,1,1,1,1,0,0,1,1,1,0,0,0,1,1,0,0,0,1,1,0,1,1,1,0,0,1,0,1,1,0,0,0,0,0,1,0,1,1,0,1,0,1,1,1,0,1,0,1,0,1,1,0,1,1,0,1,0,0,0,0,1,1,0,0,0,1,1,0,1,1,1,0,1,1,1,1,0,0,1,1,0,0,1,1,0,1,1,1,1,0,1,1,1,1,0,0,1,0,0,1,0,0,1,0,1,1,0,1,1,1,0,0,0,0,0,1,0,0,1,1,1,0,0,1,1,0,1,1,0,0,1,0,1,0,1,0,0,0,0,0,1,0,1,1,1,0,1,1,0,0,1,1,1,1,1,1,1,0,0,1,1,1,0,1,0,0,1,1,0,1,0,1,0,1,0,1,1,0,1,0,1,1,1,0,1,1,1,0,1,0,1,0,0,0,1,1,1,0,1,0,1,0,1,0,0,1,0,0,1,0,1,1,0,0,0,1,0,1,0,0,0,0,1,0,1,1,0,1,0,0,1,0,1,0,1,1,0,1,0,1,0,0,0,0,0,0,0,0,0,0,1,1,0,1,1,1,1,1,0,1,1,0,0,1,1,1,0,0,0,0,1,1,1,1,1,0,0,1,0,0,1,0,1,0,1,0,1,1,1,0,1,0,1,1,0,1,0,0,1,0,1,1,1,0,0,0,1,0,0,1,1,0,0,0,0,0,0,1,1,0,1,1,1,1,1,1,1,0,0,0,1,1,0,0,0,1,1,0,0,1,1,1,1,1,1,0,1,0,0,0,0,0,0,1,0,0,0,1,1,1,0,1,0,0,0,1,0,1,1,1,0,0,0,1,1,1,0,1,0,1,0,1,0,0,1,0,0,1,1,0,1,0,0,1,0,1,1,1,1,0,0,0,0,0,1,1,1,1,0,0,1,0,0,0,1,0,1,0,1,0,1,0,1,1,0,0,1,0,1,1,1,0,1,1,1,0,0,0,1,1,1,1,0,0,1,0,1,1,0,0,1,0,1,0,1,0,0,0,1,0,1,1,0,0,1,0,0,1,0,0,1,0,1,0,1,1,1,1,1,1,1,1,0,0,1,0,0,0,1,1,0,0,1,0,0,1,1,0,1,0,0,1,1,0,1,1,0,1,1,1,0,1,1,1,1,0,1,0,0,0,1,1,1,1,1,1,0,1,1,0,1,1,1,1,0,1,1,0,0,0,0,1,0,1,0,0,0,0,0,0,0,1,0,1,1,1,1,0,0,1,1,1,1,0,0,0,0,0,0,1,0,0,1,0,0,1,1,1,0,0,0,0,1,1,1,0,1,1,1,0,0,1,1,0,1,1,1,0,0,0,1,1,0,0,0,1,0,0,0,0,1,1,1,0,0,1,0,0,0,0,1,1,0,1,1,0,1,1,1,1,0,0,1,0,0,0,0,1,1,1,0,0,1,0,0,1,1,1,1,0,0,0,0,1,0,1,1,1,1,0,1,1,1,1,0,0,1,0,1,0,0,1,1,1,0,0,0,1,0,1,0,1,1,1,0,1,0,1,0,1,0,0,0,1,0,1,1,0,0,0,1,0,0,0,0,0,0,1,1,1,1,0,1,1,0,0,0,0,0,1,1,0,0,0,1,0,0,1,0,0,0,0,0,1,0,1,1,0,1,0,1,0,1,1,1,0,1,1,0,1,1,1,0,1,0,1,0,1,0,0,1,1,0,0,0,0,1,0,1,0,0,1,1,0,1,1,1,0,1,1,1,1,1,0,1,1,1,1,0,0,1,1,0,1,0,1,0,1,1,1,1,1,0,0,1,1,0,1,0,0,1,1,0,1,1,1,0,0,0,0,1,0,0,1,1,0,0,0,1,0,1,0,1,1,1,1,1,0,1,1,1,1,0,0,0,0,1,0,0,0,1,1,0,0,1,0,0,1,1,1,0,0,0,1,0,1,1,1,1,0,1,1,1,1,0,1,0,0,1,1,0,0,0,0,0,0,1,1,0,1,0,1,1,1,0,1,0,0,1,0,1,0,0,0,1,1,1,1,0,1,0,0,1,1,0,1,0,1,0,1,1,0,0,0,1,0,1,0,1,0,1,0,1,1,0,1,0,1,1,1,0,0,0,1,0,0,1,1,0,0,0,1,0,0,0,1,1,1,1,0,1,1,0,1,0,1,1,0,0,0,1,0,1,1,1,1,1,0,0,0,0,1,1,0,1,0,1,0,1,0,1,0,1,0,0,0,1,0,0,0,1,0,1,1,0,1,1,1,1,1,0,0,0,0,1,0,1,0,1,0,0,1,0,1,0,0,1,1,0,1,0,1,0,0,1,0,0,1,0,1,0,0,0,0,0,0,0,0,0,0,0,0,0,0,0,1,1,1,0,1,0,0,0,0,0,1,0,0,1,1,0,0,0,0,0,1,1,0,1,1,1,1,1,0,1,1,0,1,1,1,0,0,0,1,0,1,1,1,0,0,1,0,0,0,1,0,0,0,0,0,1,1,1,0,1,0,1,1,0,0,0,1,1,1,1,1,0,1,0,0,1,0,0,1,1,0,0,1,1,0,0,0,1,1,0,1,1,0,0,0,0,0,1,1,1,1,1,1,1,0,0,0,1,0,1,0,1,1,1,1,1,0,0,1,0,1,0,0,1,1,0,1,1,1,0,1,1,0,0,0,0,0,0,1,1,1,0,1,0,1,1,1,0,1,0,0,0,1,1,1,0,0,0,1,0,1,0,0,1,1,1,1,0,1,1,1,0,1,0,0,0,1,0,1,1,1,1,0,1,0,1,0,0,0,0,1,1,1,0,0,0,1,0,1,1,1,0,0,0,1,1,0,0,0,0,0,1,1,1,0,0,0,1,1,1,1,1,1,0,1,1,1,1,1,0,0,1,1,0,0,0,1,1,1,0,1,0,0,1,1,1,0,1,1,0,0,1,1,1,1,1,1,0,0,0,0,0,1,0,0,1,0,0,0,1,0,0,0,0,0,1,1,1,1,1,1,1,1,0,1,1,0,1,1,0,1,0,0,0,1,1,1,1,1,1,1,0,1,1,1,0,0,1,1,1,1,0,1,1,1,0,0,1,0,0,0,1,0,1,1,0,1,1,1,0,1,1,1,1,0,1,1,1,1,1,1,0,1,1,0,1,1,1,1,1,0,0,0,1,0,0,1,1,1,1,1,1,1,0,1,0,1,0,0,1,1,0,0,1,1,1,0,1,0,1,1,1,0,0,0,0,1,0,1,0,1,1,1,0,0,0,0,0,0,0,1,0,1,0,0,1,1,0,0,1,0,0,1,1,1,1,0,1,1,0,1,0,1,1,1,0,1,1,0,0,0,0,1,1,0,1,0,1,0,0,1,0,0,1,1,0,0,0,1,0,1,0,1,1,1,1,1,1,1,0,0,0,0,1,1,1,1,0,1,0,0,1,0,0,0,1,1,1,0,0,1,1,0,1,1,1,1,1,0,1,0,1,0,1,0,1,0,0,0,0,0,0,1,0,0,0,0,0,1,1,0,1,0,1,0,1,0,0,0,0,1,0,0,0,1,1,0,0,1,0,1,0,0,1,0,0,1,1,1,1,0,0,1,0,1,1,0,0,0,0,1,0,1,1,1,1,0,1,1,0,1,0,1,0,1,0,1,1,1,1,0,1,0,1,1,1,1,1,1,1,1,0,1,1,1,1,0,1,0,1,0,1,0,1,1,1,0,1,1,0,0,1,0,0,1,1,0,0,1,0,0,0,0,0,1,1,1,0,0,0,0,1,0,0,1,1,0,0,1,0,0,1,0,0,0,1,1,0,0,0,0,0,1,0,1,1,0,1,1,0,1,0,0,0,1,1,1,0,1,0,0,0,1,1,0,1,0,1,1,0,1,0,0,0,1,1,0,1,0,1,1,1,1,1,1,1,0,0,0,0,1,1,1,0,0,0,1,1,0,0,0,1,0,0,0,0,1,0,1,0,1,0,1,1,1,1,0,1,0,0,0,1,1,0,0,0,0,0,0,0,1,1,1,0,1,0,1,0,1,1,0,0,0,0,0,1,1,1,1,1,0,1,1,1,1,0,1,0,1,1,1,1,0,1,0,1,0,1,1,1,0,1,1,0,0,1,0,1,1,1,0,1,0,1,0,1,1,0,1,1,0,0,1,1,1,0,0,1,0,0,1,0,0,0,1,1,1,0,1,0,0,1,1,1,1,1,0,1,0,0,0,0,1,1,0,1,0,1,0,0,1,0,1,0,1,1,1,1,0,0,1,0,0,1,1,1,0,0,1,1,0,1,0,0,1,1,1,1,1,1,0,0,0,1,1,1,0,1,1,0,1,1,0,0,1,0,0,1,1,1,1,0,0,1,0,1,1,0,0,0,1,1,1,1,0,1,1,0,1,1,0,1,0,0,0,1,1,1,1,0,0,1,1,1,0,1,0,1,1,0,0,0,0,0,0,1,0,0,1,1,1,1,1,1,1,1,0,1,1,1,1,0,1,0,1,1,1,1,0,0,0,0,0,1,1,0,0,0,0,1,1,1,0,1,0,0,1,1,0,0,1,1,1,1,0,1,1,1,0,1,1,1,0,0,1,0,0,0,0,1,0,1,0,0,0,1,0,0,0,1,0,1,0,1,0,0,1,0,1,0,0,1,1,1,0,0,1,0,0,1,1,1,0,1,1,0,1,1,1,1,1,0,0,0,1,1,1,1,0,1,1,1,0,1,1,1,0,1,1,1,1,0,0,1,0,1,1,1,1,0,1,0,0,0,1,1,1,0,0,0,0,0,1,1,0,1,0,0,1,1,0,1,0,1,1,0,1,1,0,1,0,0,0,0,1,0,1,0,1,1,0,0,1,0,0,1,0,0,1,1,1,0,1,0,1,1,1,0,0,0,0,1,0,0,0,0,1,1,0,1,1,1,1,1,0,1,0,0,0,1,0,1,1,0,1,1,0,1,1,1,1,1,0,0,1,0,1,0,1,1,0,1,1,1,1,1,1,0,1,1,1,0,0,1,1,0,0,1,1,1,1,0,0,0,0,1,1,0,1,0,1,1,0,1,1,1,1,0,1,1,1,1,1,1,0,1,0,1,1,1,0,0,1,1,1,0,0,1,1,0,0,0,1,1,1,0,0,0,1,0,0,1,0,0,0,0,0,1,0,1,1,1,0,1,1,0,0,0,0,1,0,1,0,0,0,1,1,1,0,1,0,1,0,1,1,0,1,1,1,1,1,0,1,1,1,0,1,1,0,1,0,1,0,0,0,1,0,0,0,0,0,1,1,0,0,0,1,1,0,1,0,1,1,0,1,1,1,0,1,1,1,1,0,1,1,1,0,0,1,0,1,1,0,1,0,1,0,1,1,1,1,0,1,1,1,0,0,0,0,0,1,0,0,1,1,1,1,0,1,1,1,1,0,1,1,1,0,0,0,1,1,0,0,0,0,0,1,0,1,1,1,0,1,1,1,0,1,1,1,1,0,1,1,0,1,0,1,0,1,0,0,1,1,0,1,0,1,0,1,0,0,0,1,0,1,0,0,0,1,1,0,1,1,1,1,0,1,1,1,1,1,0,1,1,1,0,0,1,1,1,1,1,0,1,1,1,1,0,0,1,1,0,1,0,0,0,0,0,0,1,0,0,0,0,0,0,0,0,1,0,1,0,0,0,0,1,1,0,0,0,1,0,0,0,1,1,0,1,0,0,0,1,0,0,0,1,0,0,0,0,1,0,1,0,1,1,1,0,0,1,0,0,0,0,1,0,1,0,1,0,1,0,1,1,1,1,0,1,0,0,1,0,1,1,0,1,1,0,0,0,0,0,1,0,1,0,0,0,0,0,0,1,1,0,0,0,0,1,1,1,1,1,0,0,0,1,0,0,0,0,1,1,1,0,1,1,1,1,1,1,0,0,1,0,0,1,1,1,1,0,0,1,0,0,1,1,1,1,0,1,1,0,0,1,0,0,1,1,1,0,1,1,0,1,1,1,0,0,0,0,1,0,0,0,0,0,0,1,1,0,1,1,0,1,0,0,1,1,1,0,1,1,1,1,0,0,1,1,1,1,0,1,1,0,1,0,0,1,1,0,0,0,0,0,0,0,0,1,0,1,1,0,0,0,0,0,1,1,1,1,1,0,1,1,1,0,0,0,1,1,1,1,1,0,0,1,1,0,1,1,0,0,0,1,1,1,0,1,1,0,1,1,0,1,1,0,0,1,1,0,1,0,0,0,1,0,0,0,1,1,1,0,1,0,0,1,0,0,0,1,0,1,0,1,0,1,1,0,1,0,1,0,1,1,0,1,0,1,1,0,1,1,1,1,1,1,1,0,1,0,1,1,0,1,0,0,0,1,1,1,0,0,0,0,1,0,1,0,1,0,0,1,1,0,0,0,0,1,1,0,1,0,0,1,1,0,0,1,1,0,1,1,1,1,1,1,0,1,0,1,1,0,1,0,0,0,1,0,0,1,0,1,1,1,1,1,0,0,0,0,0,0,0,1,0,0,0,0,1,0,1,1,1,1,1,1,0,1,1,1,1,1,0,1,0,0,1,1,1,1,1,0,0,1,1,1,1,1,1,1,1,1,1,0,1,0,0,1,0,0,1,1,0,1,1,0,0,0,0,0,0,1,0,1,1,0,1,1,1,1,0,1,0,0,0,0,1,0,0,0,0,1,0,0,0,1,0,1,0,1,0,1,1,0,0,1,1,0,1,0,0,1,0,0,1,0,0,1,1,0,1,1,1,1,1,0,1,0,0,0,1,0,0,1,0,1,0,0,0,0,0,1,1,0,0,1,1,1,0,1,0,0,0,0,1,0,1,0,1,0,1,1,0,0,1,1,1,0,0,0,0,1,1,0,0,1,1,0,1,1,0,0,0,0,1,1,1,0,0,0,0,1,0,1,1,0,1,0,1,0,0,0,1,1,0,0,0,0,0,0,1,1,0,0,1,1,0,0,0,0,1,1,1,1,0,0,1,0,1,0,1,0,1,0,1,0,1,0,0,1,0,0,0,1,0,0,1,1,0,0,0,1,0,0,1,0,1,0,0,1,0,1,1,1,0,1,1,1,0,1,0,1,1,1,0,1,0,0,0,0,1,0,0,0,1,1,1,0,1,1,1,1,1,1,0,0,1,1,1,1,1,1,1,0,0,1,0,1,0,1,0,1,0,0,0,1,1,1,0,0,1,0,0,1,1,0,1,0,1,1,1,1,1,0,0,1,0,1,1,0,0,0,1,0,0,1,0,1,0,1,1,1,1,1,0,0,0,1,0,1,1,0,1,0,0,1,1,1,1,0,0,1,1,0,1,0,1,0,0,0,0,0,1,0,1,0,1,1,1,0,1,1,0,0,1,1,0,0,1,1,0,1,1,0,0,1,0,0,1,1,1,0,1,0,0,0,0,0,1,0,1,1,0,0,1,0,1,1,1,0,1,1,0,1,1,0,0,0,0,0,0,1,0,1,0,0,1,1,0,0,1,1,1,1,1,0,1,1,0,0,1,0,0,1,1,0,0,1,1,0,1,0,1,0,1,1,1,1,0,1,1,1,0,1,0,1,1,1,1,1,0,1,0,0,1,1,0,0,1,0,0,1,0,0,0,1,0,1,1,0,0,1,0,1,1,0,1,1,0,0,1,1,1,0,0,1,0,1,0,1,1,0,1,1,1,1,1,0,1,1,0,1,1,0,1,0,0,1,1,1,0,1,1,1,0,0,0,0,1,1,1,1,0,0,1,0,0,1,0,1,0,1,1,1,0,1,0,1,0,0,0,1,0,1,0,1,0,0,0,1,1,1,1,1,0,1,0,1,1,1,0,0,0,0,0,0,1,1,0,1,1,1,1,1,0,0,1,1,0,1,0,0,0,1,0,1,0,0,1,1,1,0,1,1,0,0,1,0,1,0,0,1,1,1,1,1,0,1,0,1,1,0,0,1,0,1,1,0,0,0,0,1,0,0,1,0,1,1,0,1,0,1,0,1,1,0,0,0,1,1,0,0,0,1,1,1,1,0,1,1,0,1,0,1,0,0,0,0,1,1,1,0,1,0,0,0,1,1,0,1,1,0,1,0,0,0,1,0,0,1,1,0,1,0,1,1,0,0,0,1,1,0,0,1,1,1,1,0,0,1,0,1,0,0,0,1,1,0,1,0,0,1,0,1,1,0,0,1,1,1,0,0,1,1,1,0,1,1,0,0,1,1,1,0,0,0,1,0,1,0,1,1,1,0,1,0,0,0,1,1,0,1,1,1,0,1,1,1,1,0,0,1,0,1,1,1,1,1,1,1,1,0,1,0,1,1,1,0,1,1,0,1,0,1,0,1,0,0,1,0,0,1,0,0,0,1,1,0,0,1,0,1,1,1,1,1,1,0,1,1,0,0,0,0,1,1,1,1,0,1,1,1,1,1,1,0,1,1,0,0,0,1,1,1,0,1,0,1,0,0,0,0,0,1,1,1,0,1,0,0,1,0,1,1,0,1,1,0,1,0,1,1,0,0,1,1,0,1,1,0,1,1,0,0,0,0,0,0,0,1,0,1,1,1,0,1,0,1,0,0,1,1,1,1,0,1,0,0,1,1,0,1,0,1,1,1,0,1,0,0,1,0,0,1,1,1,1,1,1,1,1,0,1,1,0,0,1,1,1,1,0,1,1,0,1,0,0,0,0,0,0,1,0,1,1,0,0,0,1,1,0,1,1,0,0,0,1,1,1,0,1,1,1,1,1,0,1,1,0,0,1,0,0,1,1,0,1,0,1,0,0,1,1,0,0,1,1,1,0,1,0,0,1,1,0,1,1,1,1,0,1,1,0,1,1,0,0,0,0,0,0,0,0,0,0,1,0,0,1,1,1,0,1,1,1,0,0,1,1,1,1,0,0,1,0,1,0,0,1,1,0,1,1,1,1,1,0,0,1,0,1,1,0,0,1,0,1,0,1,1,0,0,1,0,0,1,0,1,1,1,1,0,0,0,0,0,1,1,1,1,0,0,1,0,0,0,1,0,0,0,0,1,1,0,0,0,1,1,1,1,0,0,1,1,0,0,0,1,1,1,1,0,0,0,0,1,1,0,1,1,1,1,0,0,0,1,0,1,0,1,1,1,0,1,0,0,1,1,1,0,1,1,1,1,1,0,1,0,0,1,1,1,1,0,0,0,0,0,0,1,0,1,0,1,0,1,0,1,1,1,1,1,1,1,1,1,0,0,1,0,0,1,1,1,1,1,0,0,0,1,1,1,1,0,0,0,0,0,0,1,0,0,0,0,1,0,0,0,0,1,0,0,0,0,0,1,1,1,1,0,1,0,1,0,0,0,1,0,0,1,1,0,0,0,1,1,1,1,1,1,1,1,1,1,0,0,0,1,0,1,0,0,0,0,1,0,0,0,0,1,1,0,1,0,0,1,0,0,0,1,0,1,0,1,1,0,1,1,0,0,1,0,1,0,1,1,0,1,1,0,1,1,1,1,1,1,1,0,0,1,0,1,1,1,0,0,1,0,1,1,1,1,1,0,1,1,0,1,1,0,1,1,1,1,1,1,1,1,0,1,0,1,0,0,0,0,0,1,1,0,1,0,0,0,0,1,0,0,0,0,0,1,1,0,1,1,1,0,1,1,0,1,1,1,0,1,1,1,0,0,0,1,1,0,1,0,0,0,1,0,1,1,1,0,0,0,0,0,0,1,1,0,1,0,1,1,1,1,0,1,1,1,0,1,1,0,1,0,1,0,0,1,0,1,1,0,1,1,1,0,0,0,1,0,1,0,0,0,0,0,1,1,0,0,1,1,0,0,0,1,1,0,1,0,1,0,1,0,1,1,1,1,1,1,1,1,1,1,0,1,1,0,1,1,1,1,0,0,1,1,0,1,1,1,1,1,1,1,0,1,1,0,0,1,0,1,0,0,0,1,1,0,1,0,1,1,0,1,1,0,0,0,0,1,0,0,0,1,1,1,0,1,0,1,0,1,1,1,1,0,0,1,1,1,1,1,0,1,1,0,0,0,1,0,0,1,0,0,1,1,1,0,1,0,0,0,0,0,1,0,0,1,0,1,1,1,1,1,1,1,1,1,1,0,1,0,0,1,1,0,0,0,0,1,1,1,1,0,1,0,1,1,0,1,1,0,1,1,1,0,0,1,1,1,0,1,0,1,1,0,0,1,0,0,1,1,0,1,1,0,1,0,0,0,0,1,1,0,1,1,0,0,0,1,0,0,0,0,1,0,0,0,1,1,0,0,0,0,1,1,1,1,1,0,0,1,0,0,0,0,1,0,1,1,1,0,1,1,1,1,1,1,1,0,0,0,1,0,0,0,0,1,0,0,0,0,1,0,0,0,1,0,1,0,1,1,1,0,0,1,0,0,1,0,0,0,1,0,1,1,1,1,1,0,0,1,1,0,0,1,1,1,0,0,1,1,1,0,1,1,0,0,1,0,1,1,0,1,1,0,0,0,0,0,1,0,1,1,1,0,0,0,1,0,0,0,1,1,0,0,1,0,0,0,1,1,1,1,1,1,1,1,1,0,1,1,1,0,0,1,0,0,0,1,0,0,1,1,1,1,0,1,0,1,0,0,0,1,1,1,1,1,1,1,0,0,1,0,0,0,0,1,1,1,1,1,0,1,1,0,1,1,0,0,0,1,0,0,0,0,0,0,1,0,1,1,0,1,1,1,1,1,0,1,1,0,1,0,0,0,1,1,0,1,0,1,0,0,0,1,1,1,0,0,1,0,0,0,1,1,1,1,0,1,0,0,1,1,1,1,0,0,1,0,1,1,1,1,0,0,1,0,0,1,1,1,0,1,0,0,0,0,1,1,1,1,1,0,0,0,0,1,0,0,0,1,1,1,0,1,1,1,1,1,1,0,0,1,0,0,1,0,0,0,0,1,1,1,0,0,0,1,0,0,1,1,0,1,1,1,1,0,0,1,1,0,1,0,0,0,0,1,0,1,1,0,1,1,0,1,0,1,1,0,0,0,1,0,1,0,1,1,0,1,0,1,0,1,1,1,1,0,0,0,1,0,1,1,0,0,1,0,0,0,0,1,0,1,0,0,0,0,0,1,1,1,0,0,0,1,0,0,0,0,0,1,1,0,0,1,1,0,0,1,1,1,0,0,1,1,1,0,1,1,1,0,1,1,1,0,0,1,0,1,1,1,0,1,1,0,0,0,1,1,0,1,1,1,1,1,1,1,0,0,0,1,1,1,1,0,1,0,1,0,1,0,1,1,1,0,0,1,0,0,1,0,1,1,1,0,1,0,1,0,0,0,0,1,0,1,0,1,1,1,0,1,1,0,1,1,1,0,1,0,0,0,1,0,0,0,0,0,0,1,0,1,1,1,1,1,1,1,1,0,0,1,1,0,1,1,0,0,1,0,0,1,1,1,0,0,0,0,1,1,1,1,1,1,0,1,1,1,0,1,1,1,1,0,0,0,1,0,1,1,1,1,0,1,1,0,0,1,0,1,0,1,0,1,0,0,1,0,0,1,0,1,1,0,0,1,0,0,1,0,0,1,1,1,0,1,1,0,0,0,1,0,0,1,1,1,0,1,0,0,1,0,0,1,1,0,1,1,1,1,0,0,0,1,1,0,0,0,0,1,0,1,1,1,0,1,1,0,1,0,0,0,0,1,1,0,1,1,0,1,0,0,1,1,1,0,1,1,0,0,1,0,1,1,0,1,1,1,1,0,1,1,0,1,0,1,0,1,1,1,1,1,0,1,1,1,1,0,1,0,0,1,0,1,0,1,0,1,1,1,1,1,1,0,1,1,0,1,0,0,1,1,0,0,0,1,1,1,0,1,0,0,0,1,1,1,0,0,1,1,0,1,0,0,0,0,0,0,1,1,0,1,1,1,0,1,0,0,1,0,0,1,0,0,0,0,0,0,1,0,1,1,1,1,0,0,0,0,1,1,1,1,1,1,1,1,1,0,0,1,1,0,0,0,0,1,0,0,1,0,0,0,0,1,0,1,0,1,1,1,1,1,0,1,0,0,0,0,1,1,1,1,1,0,1,1,1,0,1,0,0,0,0,1,1,0,0,1,0,0,1,1,1,0,1,0,1,0,0,1,1,1,0,0,1,0,1,1,1,0,0,1,1,0,0,0,1,0,0,0,1,0,0,0,0,0,0,0,1,1,1,1,0,1,1,0,1,1,1,0,1,0,0,1,1,1,0,0,0,0,1,1,1,0,1,0,1,0,1,0,1,0,1,1,1,0,0,1,1,0,0,1,0,1,1,0,1,1,1,0,1,1,0,1,1,1,0,0,1,1,1,1,1,1,1,1,0,1,0,0,0,0,0,0,1,0,0,1,1,1,1,0,1,1,0,1,1,0,0,1,1,1,1,1,0,1,1,0,0,0,0,1,0,0,1,1,0,1,1,0,0,0,1,1,0,1,1,1,1,1,1,1,1,0,1,0,0,1,0,0,0,0,0,1,1,1,0,0,1,1,0,1,1,1,1,1,0,0,1,1,1,1,0,0,0,0,1,1,0,1,0,0,0,0,1,0,0,0,0,0,0,0,1,0,0,0,1,0,1,1,0,1,1,1,0,0,1,1,0,1,0,0,0,0,0,0,0,0,1,1,1,1,0,0,1,1,1,1,0,1,0,0,1,1,1,0,1,1,0,0,0,1,1,0,1,1,0,0,1,1,0,1,1,1,0,0,1,0,1,0,1,0,0,1,0,1,1,1,1,0,1,1,1,0,0,1,0,0,1,0,1,1,1,0,0,0,0,1,1,0,1,0,0,0,1,0,1,1,0,1,1,1,1,1,0,1,1,1,1,1,0,1,0,0,0,1,0,0,1,1,0,1,0,1,0,1,0,0,1,0,0,1,0,0,0,1,0,0,0,0,0,0,0,1,1,0,1,1,0,1,1,0,0,0,0,1,1,1,0,1,0,0,1,1,0,0,1,1,0,0,0,0,0,1,1,0,1,0,0,1,1,1,1,0,0,0,1,0,1,1,0,0,0,0,1,1,0,0,1,0,1,0,1,1,1,1,0,1,0,1,0,1,1,0,1,0,0,1,1,0,1,0,0,1,1,1,0,1,0,0,1,1,0,0,1,0,1,0,1,1,1,0,1,1,1,1,0,0,0,1,1,0,1,0,1,0,1,0,1,0,1,1,1,0,0,1,1,0,1,1,1,1,1,0,0,1,0,1,0,1,0,1,0,0,1,0,1,0,0,1,0,0,1,1,1,1,1,1,0,0,0,1,1,0,0,0,0,0,1,1,1,1,1,1,0,0,0,0,1,1,1,1,0,1,0,0,1,0,0,0,0,0,0,1,0,0,1,0,0,0,1,1,0,0,1,1,1,0,0,1,1,0,1,0,0,1,0,0,0,0,1,0,0,1,1,1,0,1,0,1,1,0,1,0,1,0,1,1,0,0,0,0,1,0,1,0,1,1,1,0,0,1,0,0,0,0,0,0,0,0,0,0,0,0,0,0,0,1,1,1,1,1,0,1,0,0,1,1,0,0,0,1,1,1,0,0,0,0,1,1,0,0,0,0,1,1,0,0,1,0,0,0,0,1,1,1,0,0,1,0,1,1,1,1,1,1,0,0,0,1,1,1,1,1,1,1,1,0,1,0,0,1,1,0,1,1,0,1,1,0,1,1,1,1,1,1,0,1,1,0,1,1,0,0,1,1,1,0,0,1,0,1,0,0,0,1,1,0,0,0,1,0,0,0,1,0,1,0,1,0,0,1,0,0,0,1,1,0,0,1,1,0,0,1,1,1,1,1,0,1,1,0,1,0,1,0,1,0,1,1,0,0,0,1,1,1,1,1,1,1,1,0,0,0,0,0,0,1,0,1,1,1,1,0,1,1,0,0,0,1,1,0,1,1,0,1,1,0,1,1,0,0,0,1,1,1,0,0,0,1,0,0,1,1,0,0,1,0,1,1,1,1,0,1,0,0,0,1,1,0,1,1,1,1,1,1,0,1,1,1,0,0,1,1,0,0,1,1,1,0,0,1,1,0,0,0,1,0,0,0,1,0,0,1,1,1,1,0,0,1,0,1,1,0,0,0,1,0,0,0,1,1,1,1,0,1,1,1,1,0,0,0,1,0,0,1,1,0,1,0,0,0,0,0,0

selected_item_indices:
0,2,3,4,5,6,8,13,15,17,19,23,25,26,27,28,29,30,31,32,34,36,40,46,49,53,55,56,57,58,59,60,61,64,66,69,70,72,73,74,77,80,87,90,94,96,101,103,105,107,108,110,111,112,118,121,122,127,128,129,132,134,135,138,139,140,141,146,149,151,154,155,156,157,158,159,161,162,163,169,171,173,175,177,178,180,181,182,183,184,186,187,188,189,194,195,197,200,201,202,203,205,206,207,208,209,213,215,218,219,221,223,226,227,230,231,236,238,239,241,243,246,248,249,251,252,254,255,256,257,258,259,264,265,267,269,270,277,278,280,282,283,284,285,286,287,292,294,295,298,300,301,305,306,307,309,311,312,315,316,319,320,321,322,323,324,326,327,328,329,330,332,336,337,338,339,342,345,347,350,352,353,355,360,361,362,365,367,370,373,379,380,381,386,390,391,393,394,395,396,398,399,400,401,402,403,404,406,407,408,409,410,411,412,413,415,416,417,418,420,421,422,425,430,431,434,435,436,438,441,442,443,447,450,452,454,456,457,463,465,468,469,472,473,474,475,476,479,484,485,488,490,491,492,493,495,496,499,500,501,503,507,510,511,513,514,515,518,521,526,527,528,530,532,534,539,540,541,543,544,546,548,549,550,553,556,557,558,560,561,564,565,566,569,571,572,576,578,579,580,582,586,587,590,592,596,598,599,602,604,606,609,612,615,620,622,624,627,629,630,632,633,637,640,642,645,646,647,651,652,653,656,657,659,660,662,663,665,667,668,676,679,680,682,685,686,687,689,692,695,696,697,699,701,705,706,707,709,710,711,712,715,719,721,722,723,727,733,734,735,736,738,740,743,744,745,748,749,751,753,754,756,762,763,764,765,768,769,772,773,774,775,777,778,781,782,783,784,785,788,793,794,795,797,800,802,804,805,810,811,813,815,817,818,824,828,829,835,836,837,839,843,844,847,848,849,852,853,854,855,856,859,860,865,866,868,870,872,873,877,878,881,883,884,885,886,888,889,892,893,894,896,897,899,900,901,902,903,906,909,910,911,912,916,917,919,920,923,924,925,928,932,936,937,939,940,941,942,945,946,947,948,950,951,953,956,959,961,962,963,964,966,968,969,971,972,974,977,979,980,982,984,985,987,988,992,996,997,998,999,1000,1002,1005,1007,1008,1009,1011,1012,1013,1014,1016,1018,1019,1021,1022,1029,1032,1033,1034,1035,1036,1037,1038,1041,1042,1043,1046,1047,1049,1051,1053,1054,1056,1057,1058,1059,1060,1062,1064,1067,1068,1070,1073,1075,1076,1078,1079,1080,1081,1084,1088,1090,1092,1093,1095,1096,1098,1099,1102,1104,1107,1108,1112,1113,1116,1118,1121,1123,1124,1125,1128,1129,1134,1137,1140,1141,1143,1146,1148,1151,1154,1155,1157,1158,1160,1163,1164,1166,1169,1170,1172,1173,1174,1177,1178,1180,1183,1187,1188,1189,1190,1192,1196,1203,1206,1209,1211,1212,1213,1214,1217,1220,1221,1222,1225,1231,1232,1234,1236,1237,1241,1242,1243,1246,1247,1248,1251,1254,1256,1258,1260,1261,1262,1263,1264,1272,1275,1276,1277,1279,1284,1285,1288,1289,1290,1293,1297,1298,1299,1300,1303,1305,1308,1309,1312,1314,1320,1322,1329,1330,1331,1333,1334,1341,1343,1344,1346,1347,1352,1353,1354,1355,1358,1359,1362,1363,1365,1366,1368,1369,1370,1376,1378,1379,1381,1382,1383,1385,1388,1389,1390,1392,1395,1396,1398,1399,1401,1402,1403,1406,1407,1411,1413,1417,1419,1420,1421,1424,1425,1426,1428,1429,1430,1434,1435,1439,1440,1442,1443,1446,1447,1448,1449,1451,1456,1457,1462,1464,1466,1468,1469,1470,1471,1472,1475,1478,1479,1482,1486,1487,1488,1489,1491,1494,1495,1502,1503,1504,1505,1506,1511,1512,1514,1518,1520,1522,1525,1526,1527,1531,1533,1534,1538,1539,1541,1546,1548,1549,1550,1551,1552,1553,1554,1555,1556,1557,1561,1562,1567,1572,1574,1576,1577,1579,1580,1586,1587,1589,1590,1592,1593,1594,1595,1596,1600,1601,1602,1603,1607,1608,1609,1610,1618,1620,1621,1622,1623,1624,1626,1627,1630,1632,1634,1635,1636,1637,1641,1642,1643,1646,1650,1652,1654,1658,1659,1660,1661,1664,1665,1667,1668,1670,1673,1674,1675,1677,1678,1679,1681,1682,1685,1686,1687,1688,1690,1691,1693,1696,1697,1698,1701,1703,1704,1707,1708,1709,1710,1711,1712,1714,1715,1716,1717,1718,1720,1722,1724,1725,1727,1728,1729,1731,1733,1735,1736,1737,1741,1746,1748,1751,1752,1754,1755,1757,1758,1759,1763,1765,1767,1768,1770,1771,1774,1779,1781,1783,1784,1787,1790,1791,1792,1794,1795,1798,1805,1806,1808,1809,1811,1813,1814,1815,1818,1819,1821,1822,1823,1824,1826,1829,1831,1832,1835,1838,1839,1842,1845,1846,1850,1851,1852,1855,1856,1857,1861,1862,1863,1864,1865,1867,1868,1871,1873,1874,1875,1876,1877,1879,1881,1883,1884,1886,1887,1889,1890,1891,1892,1893,1895,1896,1899,1900,1901,1903,1904,1905,1909,1910,1912,1915,1916,1917,1920,1921,1923,1924,1926,1928,1929,1931,1932,1933,1935,1936,1937,1938,1939,1940,1941,1944,1947,1950,1952,1954,1956,1958,1959,1963,1964,1966,1968,1970,1973,1976,1980,1981,1983,1984,1985,1987,1991,1995,1996,1997,1998,1999,2002,2003,2005,2007,2008,2009,2015,2017,2018,2023,2024,2025,2028,2029,2035,2036,2037,2038,2039,2040,2045,2047,2050,2051,2052,2056,2061,2062,2063,2064,2065,2066,2067,2071,2073,2076,2079,2080,2081,2082,2087,2089,2093,2097,2099,2103,2107,2108,2109,2111,2114,2115,2119,2121,2122,2123,2124,2125,2126,2127,2128,2129,2133,2135,2136,2137,2142,2146,2147,2148,2149,2150,2151,2152,2153,2155,2156,2157,2159,2163,2164,2165,2169,2170,2171,2174,2178,2180,2183,2185,2186,2187,2189,2193,2195,2196,2200,2202,2206,2209,2210,2212,2214,2217,2218,2222,2224,2227,2228,2230,2232,2233,2234,2235,2238,2239,2240,2242,2243,2246,2248,2251,2256,2257,2258,2259,2260,2263,2264,2265,2266,2268,2271,2273,2276,2277,2280,2286,2287,2291,2292,2293,2294,2295,2296,2305,2311,2314,2317,2318,2319,2320,2321,2323,2325,2327,2328,2333,2334,2336,2337,2341,2342,2343,2345,2346,2347,2349,2351,2352,2356,2357,2358,2359,2365,2366,2367,2369,2370,2371,2372,2374,2375,2379,2386,2388,2390,2392,2393,2395,2397,2400,2402,2404,2405,2407,2412,2413,2416,2419,2420,2423,2425,2427,2431,2432,2434,2436,2438,2441,2442,2443,2445,2448,2451,2456,2459,2460,2462,2466,2467,2470,2471,2473,2476,2478,2480,2483,2484,2486,2488,2493,2495,2497,2500,2502,2503,2507,2510,2514,2516,2517,2518,2519,2520,2522,2523,2525,2526,2527,2530,2531,2537,2538,2539,2541,2542,2544,2545,2549,2552,2553,2554,2556,2557,2560,2561,2562,2563,2564,2565,2566,2570,2571,2572,2574,2580,2581,2582,2583,2586,2590,2595,2600,2603,2605,2608,2609,2610,2611,2612,2614,2617,2619,2620,2622,2623,2630,2632,2633,2636,2638,2639,2641,2643,2645,2647,2651,2652,2655,2663,2667,2672,2673,2675,2677,2678,2680,2681,2682,2684,2685,2686,2687,2688,2691,2692,2693,2694,2695,2698,2700,2704,2707,2709,2712,2713,2719,2721,2723,2725,2726,2729,2730,2731,2732,2735,2737,2738,2740,2741,2743,2744,2745,2746,2747,2748,2750,2752,2755,2757,2758,2759,2768,2769,2770,2772,2773,2776,2777,2779,2780,2781,2785,2788,2789,2790,2791,2792,2795,2802,2803,2804,2805,2808,2812,2817,2818,2819,2821,2822,2823,2826,2829,2830,2833,2837,2838,2839,2842,2845,2847,2849,2854,2857,2858,2859,2860,2861,2864,2865,2866,2867,2868,2869,2875,2878,2879,2880,2881,2883,2884,2886,2887,2888,2890,2896,2897,2899,2900,2902,2903,2905,2907,2910,2911,2913,2914,2915,2916,2917,2918,2919,2920,2923,2924,2927,2928,2929,2930,2931,2932,2939,2940,2941,2946,2947,2948,2949,2953,2954,2957,2958,2959,2961,2963,2965,2967,2970,2971,2972,2973,2976,2978,2979,2981,2982,2985,2989,2991,2993,2994,3001,3002,3003,3004,3006,3008,3014,3016,3019,3020,3021,3022,3023,3025,3029,3034,3037,3039,3040,3043,3044,3045,3047,3048,3049,3051,3053,3058,3062,3064,3065,3066,3068,3069,3073,3075,3076,3077,3080,3082,3084,3085,3087,3088,3089,3095,3096,3097,3099,3101,3102,3104,3105,3106,3107,3108,3109,3112,3113,3116,3118,3120,3121,3122,3123,3124,3125,3127,3128,3129,3130,3133,3137,3138,3139,3141,3143,3144,3145,3148,3150,3151,3155,3156,3157,3159,3163,3166,3167,3168,3169,3170,3171,3172,3173,3174,3177,3178,3181,3183,3186,3188,3190,3191,3192,3194,3195,3198,3199,3201,3202,3204,3205,3207,3208,3209,3210,3211,3213,3216,3218,3221,3222,3223,3226,3227,3230,3233,3234,3235,3236,3237,3241,3243,3244,3245,3247,3248,3249,3257,3259,3261,3262,3264,3265,3266,3268,3274,3278,3282,3286,3292,3294,3295,3296,3297,3300,3303,3306,3308,3313,3316,3319,3324,3325,3328,3331,3332,3334,3336,3337,3339,3342,3346,3347,3348,3353,3354,3357,3358,3360,3361,3363,3365,3366,3367,3369,3374,3375,3377,3378,3380,3381,3382,3383,3384,3385,3386,3388,3389,3390,3393,3394,3397,3398,3400,3401,3402,3403,3405,3408,3415,3417,3419,3421,3422,3423,3425,3427,3432,3435,3437,3442,3444,3445,3447,3450,3451,3452,3455,3458,3461,3462,3463,3464,3465,3467,3468,3471,3472,3477,3482,3483,3485,3486,3488,3490,3491,3492,3499,3500,3501,3504,3505,3507,3509,3510,3511,3512,3513,3516,3518,3519,3521,3523,3525,3526,3530,3531,3533,3535,3539,3540,3541,3542,3543,3544,3545,3547,3555,3556,3558,3559,3561,3562,3563,3564,3566,3570,3573,3574,3576,3578,3581,3583,3584,3587,3588,3589,3591,3592,3593,3594,3595,3600,3604,3609,3612,3613,3615,3618,3619,3621,3623,3624,3625,3627,3628,3630,3631,3636,3639,3641,3642,3643,3644,3645,3647,3648,3652,3653,3654,3658,3661,3663,3664,3666,3668,3672,3674,3681,3682,3684,3687,3691,3692,3694,3695,3696,3697,3698,3700,3701,3704,3707,3708,3715,3716,3718,3719,3722,3723,3724,3725,3726,3727,3728,3729,3732,3733,3734,3738,3739,3743,3744,3746,3747,3748,3751,3753,3754,3760,3762,3763,3765,3767,3768,3769,3771,3773,3775,3776,3778,3779,3781,3786,3787,3791,3792,3794,3795,3796,3798,3799,3800,3801,3804,3805,3808,3809,3811,3812,3813,3814,3816,3817,3818,3819,3822,3825,3828,3830,3831,3833,3834,3835,3841,3844,3845,3846,3849,3850,3852,3853,3856,3858,3860,3866,3868,3869,3870,3872,3873,3876,3877,3878,3879,3880,3881,3882,3885,3886,3887,3889,3892,3893,3895,3897,3899,3901,3902,3904,3906,3907,3908,3910,3911,3912,3914,3916,3920,3921,3922,3924,3926,3928,3931,3934,3936,3937,3941,3943,3948,3950,3951,3953,3956,3958,3960,3961,3963,3965,3976,3977,3979,3980,3981,3982,3983,3985,3986,3989,3990,3991,3996,3997,3998,3999,4000,4003,4006,4008,4010,4012,4013,4014,4016,4018,4019,4021,4024,4026,4027,4028,4032,4035,4036,4043,4044,4046,4047,4048,4049,4050,4051,4052,4056,4057,4061,4062,4065,4066,4067,4068,4069,4070,4072,4079,4083,4084,4085,4087,4091,4093,4094,4095,4099,4100,4101,4103,4105,4107,4110,4113,4114,4116,4119,4121,4122,4123,4124,4130,4131,4132,4133,4136,4140,4142,4144,4146,4148,4149,4152,4154,4155,4156,4158,4159,4160,4164,4165,4166,4167,4170,4172,4173,4176,4178,4180,4184,4186,4187,4190,4193,4196,4198,4200,4201,4202,4203,4204,4205,4206,4207,4210,4214,4215,4218,4221,4222,4224,4227,4228,4230,4231,4233,4234,4235,4237,4238,4239,4240,4242,4246,4247,4248,4249,4250,4251,4253,4254,4256,4257,4258,4259,4261,4262,4267,4269,4277,4279,4280,4281,4282,4285,4286,4287,4288,4295,4298,4301,4302,4303,4308,4309,4310,4312,4313,4314,4317,4318,4320,4321,4322,4326,4327,4331,4336,4337,4338,4341,4346,4347,4349,4350,4352,4353,4354,4355,4358,4363,4364,4365,4368,4371,4372,4373,4374,4379,4381,4382,4383,4384,4386,4387,4388,4389,4392,4394,4397,4398,4399,4403,4405,4407,4408,4409,4411,4413,4415,4419,4421,4422,4426,4433,4434,4435,4436,4438,4439,4445,4446,4450,4453,4459,4461,4462,4464,4466,4468,4469,4470,4472,4473,4475,4476,4477,4479,4481,4483,4486,4487,4492,4494,4497,4498,4500,4501,4502,4504,4505,4506,4507,4508,4510,4511,4512,4513,4516,4517,4519,4521,4523,4524,4525,4526,4527,4530,4531,4533,4536,4537,4539,4540,4541,4546,4549,4550,4554,4556,4558,4559,4560,4561,4562,4564,4565,4566,4567,4572,4576,4577,4580,4583,4584,4585,4589,4591,4592,4593,4594,4596,4597,4598,4599,4601,4604,4605,4612,4613,4615,4617,4618,4619,4621,4624,4626,4630,4631,4632,4633,4635,4638,4639,4641,4643,4645,4646,4650,4652,4654,4656,4658,4659,4661,4663,4664,4665,4669,4672,4673,4677,4681,4682,4683,4684,4686,4687,4689,4691,4692,4696,4698,4699,4700,4701,4702,4707,4708,4710,4712,4714,4716,4718,4722,4726,4728,4729,4731,4732,4733,4734,4735,4740,4742,4744,4747,4749,4752,4753,4755,4757,4760,4763,4765,4781,4782,4783,4785,4791,4794,4795,4801,4802,4804,4805,4806,4807,4808,4810,4811,4813,4814,4815,4819,4821,4822,4823,4826,4830,4836,4837,4838,4840,4842,4843,4847,4848,4849,4850,4851,4853,4856,4859,4860,4863,4864,4868,4869,4871,4872,4878,4879,4880,4881,4882,4883,4884,4888,4890,4892,4893,4894,4895,4896,4899,4901,4904,4905,4907,4908,4909,4911,4912,4919,4920,4921,4923,4925,4926,4927,4929,4933,4934,4935,4939,4941,4944,4945,4946,4947,4949,4950,4951,4953,4957,4959,4960,4961,4962,4964,4966,4971,4972,4973,4977,4979,4980,4981,4985,4986,4992,4993,4994,4998,4999,5000,5001,5002,5003,5005,5006,5007,5008,5009,5012,5013,5017,5018,5019,5021,5024,5025,5026,5028,5029,5032,5033,5034,5035,5036,5037,5043,5046,5050,5056,5057,5058,5059,5060,5061,5062,5063,5065,5066,5068,5069,5071,5075,5076,5077,5078,5079,5080,5081,5083,5084,5085,5088,5089,5090,5091,5093,5094,5095,5098,5102,5104,5105,5107,5108,5109,5111,5112,5113,5114,5116,5117,5118,5119,5120,5121,5123,5124,5126,5127,5128,5129,5130,5134,5137,5138,5139,5140,5141,5142,5143,5145,5147,5150,5151,5154,5155,5156,5158,5160,5161,5162,5167,5169,5171,5172,5173,5181,5183,5186,5187,5190,5193,5194,5195,5196,5198,5199,5201,5203,5204,5205,5207,5208,5213,5214,5216,5218,5221,5224,5225,5229,5231,5233,5234,5235,5236,5237,5238,5239,5244,5245,5246,5247,5249,5252,5256,5257,5258,5261,5262,5264,5265,5266,5267,5268,5270,5272,5274,5276,5283,5289,5290,5292,5294,5296,5301,5305,5306,5309,5311,5314,5317,5318,5319,5320,5323,5325,5326,5331,5333,5334,5335,5336,5338,5339,5341,5343,5345,5347,5348,5349,5350,5352,5354,5355,5356,5357,5358,5359,5360,5361,5363,5364,5365,5366,5368,5370,5372,5374,5375,5376,5378,5379,5382,5385,5386,5389,5395,5396,5397,5402,5405,5406,5409,5412,5416,5417,5423,5425,5426,5428,5429,5431,5435,5436,5437,5439,5443,5444,5446,5448,5449,5451,5455,5456,5458,5460,5461,5462,5463,5464,5465,5466,5471,5472,5473,5477,5478,5482,5487,5489,5491,5493,5494,5495,5496,5498,5502,5503,5511,5512,5513,5515,5517,5519,5520,5526,5527,5528,5529,5530,5532,5533,5534,5535,5537,5539,5540,5541,5542,5544,5546,5548,5549,5550,5552,5553,5556,5558,5559,5560,5562,5564,5566,5567,5569,5570,5573,5574,5575,5578,5581,5585,5586,5587,5589,5592,5593,5594,5595,5596,5598,5603,5604,5606,5608,5611,5613,5615,5616,5617,5618,5621,5624,5625,5626,5629,5630,5632,5635,5636,5637,5638,5639,5640,5644,5645,5646,5648,5649,5651,5652,5655,5658,5659,5660,5661,5664,5666,5667,5671,5672,5673,5674,5676,5677,5679,5680,5682,5686,5687,5688,5689,5692,5693,5694,5696,5698,5699,5706,5709,5710,5711,5712,5713,5714,5715,5716,5718,5719,5720,5721,5723,5725,5726,5727,5728,5734,5735,5740,5741,5742,5744,5747,5748,5751,5752,5753,5754,5756,5757,5758,5760,5761,5762,5765,5770,5772,5776,5780,5782,5784,5787,5789,5792,5793,5794,5797,5800,5801,5802,5804,5805,5807,5808,5809,5810,5811,5815,5816,5817,5818,5820,5821,5822,5824,5825,5826,5828,5829,5830,5831,5834,5836,5837,5838,5839,5841,5845,5846,5847,5853,5854,5856,5859,5860,5862,5864,5865,5867,5868,5870,5875,5877,5879,5880,5883,5886,5889,5890,5891,5893,5895,5896,5897,5902,5907,5908,5910,5911,5912,5913,5914,5916,5920,5922,5923,5925,5926,5928,5929,5930,5931,5932,5935,5937,5939,5940,5942,5943,5944,5945,5946,5947,5949,5950,5951,5954,5955,5958,5959,5960,5961,5966,5967,5969,5971,5972,5974,5975,5976,5977,5979,5980,5981,5982,5983,5984,5986,5988,5989,5990,5993,5994,5995,5998,5999,6003,6004,6005,6009,6012,6018,6020,6021,6022,6024,6025,6030,6032,6036,6037,6038,6040,6042,6044,6045,6047,6048,6049,6050,6051,6053,6054,6055,6057,6058,6060,6062,6066,6072,6073,6077,6078,6080,6082,6083,6085,6086,6087,6089,6090,6091,6092,6094,6095,6096,6099,6101,6102,6104,6106,6108,6109,6110,6111,6113,6114,6115,6121,6124,6125,6126,6127,6129,6130,6131,6132,6134,6135,6136,6140,6141,6147,6149,6150,6151,6153,6154,6155,6157,6158,6159,6160,6162,6163,6165,6167,6169,6172,6173,6175,6177,6179,6183,6185,6189,6190,6192,6193,6194,6195,6197,6198,6199,6200,6201,6203,6204,6205,6208,6209,6210,6211,6212,6214,6215,6216,6217,6220,6221,6223,6230,6239,6241,6246,6247,6251,6255,6256,6258,6262,6266,6271,6273,6275,6276,6277,6280,6285,6287,6289,6291,6293,6294,6295,6296,6298,6301,6303,6304,6306,6307,6313,6315,6322,6323,6328,6329,6330,6331,6332,6336,6341,6342,6343,6345,6346,6347,6348,6349,6350,6353,6356,6357,6358,6359,6362,6365,6366,6367,6368,6370,6371,6374,6377,6378,6379,6381,6382,6384,6385,6386,6391,6398,6399,6401,6402,6404,6407,6408,6409,6411,6412,6413,6414,6417,6418,6419,6420,6422,6423,6425,6428,6429,6438,6440,6441,6447,6448,6449,6450,6451,6453,6454,6455,6459,6460,6461,6462,6463,6466,6467,6469,6470,6474,6475,6476,6478,6479,6481,6482,6484,6485,6488,6489,6491,6495,6499,6500,6501,6503,6506,6510,6512,6514,6516,6517,6519,6521,6523,6524,6526,6528,6529,6531,6532,6533,6534,6535,6536,6537,6539,6541,6542,6544,6548,6549,6550,6555,6557,6559,6562,6563,6568,6569,6571,6574,6575,6578,6579,6581,6582,6583,6584,6585,6586,6588,6590,6591,6593,6597,6600,6602,6603,6604,6605,6606,6614,6619,6621,6622,6623,6624,6625,6626,6628,6629,6630,6631,6632,6634,6637,6638,6639,6640,6641,6644,6645,6646,6647,6648,6649,6650,6651,6652,6653,6655,6658,6661,6662,6664,6665,6672,6674,6675,6677,6678,6679,6680,6682,6687,6692,6696,6698,6700,6702,6703,6706,6707,6709,6712,6715,6718,6719,6721,6722,6723,6724,6725,6727,6731,6734,6736,6742,6743,6746,6747,6748,6750,6755,6757,6759,6761,6762,6765,6766,6767,6772,6773,6776,6777,6779,6780,6785,6786,6787,6792,6794,6795,6797,6799,6803,6804,6811,6812,6815,6816,6821,6822,6823,6824,6827,6829,6831,6833,6835,6837,6840,6844,6847,6848,6852,6855,6857,6860,6862,6863,6864,6866,6867,6868,6870,6872,6873,6874,6876,6881,6885,6886,6887,6889,6890,6891,6892,6893,6894,6897,6898,6899,6900,6901,6902,6903,6906,6908,6910,6912,6916,6917,6918,6921,6924,6925,6927,6929,6930,6931,6932,6933,6936,6938,6939,6943,6946,6948,6950,6951,6952,6953,6954,6958,6960,6961,6963,6966,6967,6968,6969,6972,6973,6975,6977,6983,6985,6987,6988,6989,6991,6992,6995,6996,6999,7000,7002,7003,7006,7009,7010,7011,7013,7019,7021,7022,7025,7027,7028,7029,7031,7032,7034,7035,7042,7044,7047,7048,7051,7052,7053,7054,7055,7057,7058,7061,7064,7065,7068,7069,7071,7073,7075,7076,7077,7078,7080,7081,7082,7084,7086,7087,7088,7089,7090,7092,7095,7096,7099,7102,7106,7108,7109,7112,7114,7115,7117,7118,7121,7122,7123,7126,7128,7130,7131,7133,7134,7135,7136,7137,7139,7140,7142,7143,7145,7148,7149,7150,7152,7153,7154,7159,7160,7161,7162,7165,7168,7170,7172,7173,7174,7176,7178,7182,7184,7186,7190,7191,7192,7193,7194,7196,7198,7199,7200,7207,7208,7210,7211,7212,7213,7214,7217,7218,7220,7224,7226,7229,7230,7231,7233,7234,7237,7239,7242,7243,7244,7245,7246,7248,7250,7251,7254,7256,7257,7262,7265,7267,7268,7270,7272,7274,7275,7279,7280,7284,7285,7286,7287,7289,7290,7292,7294,7299,7300,7301,7303,7307,7308,7310,7311,7313,7317,7320,7321,7323,7325,7326,7330,7331,7334,7335,7336,7337,7340,7342,7346,7347,7349,7352,7354,7355,7358,7359,7360,7363,7364,7365,7367,7368,7371,7372,7373,7377,7379,7381,7382,7383,7385,7389,7390,7392,7393,7394,7396,7397,7398,7399,7402,7404,7405,7406,7407,7408,7409,7410,7411,7413,7415,7416,7417,7419,7420,7422,7424,7426,7429,7432,7436,7437,7440,7442,7443,7444,7445,7446,7447,7449,7450,7455,7456,7457,7458,7460,7461,7462,7463,7464,7465,7467,7468,7472,7473,7474,7476,7478,7484,7485,7486,7488,7491,7493,7494,7496,7497,7499,7501,7502,7505,7506,7508,7509,7511,7512,7520,7522,7523,7524,7526,7528,7531,7532,7533,7534,7536,7539,7540,7542,7544,7545,7546,7548,7551,7554,7555,7556,7557,7558,7559,7560,7561,7563,7564,7567,7568,7569,7570,7572,7573,7575,7582,7584,7585,7589,7590,7592,7593,7597,7598,7599,7601,7602,7603,7604,7605,7607,7608,7611,7614,7615,7617,7619,7622,7623,7626,7627,7628,7630,7633,7634,7636,7637,7638,7639,7641,7642,7644,7645,7656,7659,7660,7661,7663,7664,7665,7668,7669,7670,7671,7674,7676,7679,7680,7682,7683,7684,7685,7686,7689,7691,7692,7695,7697,7699,7700,7703,7706,7708,7709,7710,7711,7717,7718,7719,7720,7723,7727,7732,7733,7737,7738,7739,7740,7743,7744,7748,7749,7750,7751,7756,7757,7759,7760,7761,7762,7766,7768,7770,7771,7772,7774,7777,7778,7779,7781,7782,7783,7784,7785,7787,7790,7791,7792,7793,7800,7802,7804,7806,7808,7809,7810,7811,7812,7813,7814,7815,7816,7819,7822,7823,7824,7825,7826,7830,7831,7832,7833,7840,7845,7850,7856,7857,7858,7859,7861,7863,7867,7870,7871,7875,7876,7877,7878,7879,7880,7881,7882,7883,7884,7888,7890,7895,7900,7901,7903,7906,7910,7912,7914,7915,7917,7918,7921,7923,7925,7926,7928,7929,7931,7932,7933,7934,7935,7936,7937,7940,7942,7943,7944,7947,7949,7950,7951,7952,7953,7955,7956,7958,7959,7961,7962,7963,7964,7965,7966,7967,7968,7970,7972,7978,7979,7981,7986,7992,7993,7995,7996,7997,7999,8000,8002,8003,8004,8006,8007,8008,8012,8013,8015,8019,8021,8022,8023,8030,8031,8033,8035,8036,8037,8038,8040,8041,8042,8044,8045,8047,8049,8052,8054,8055,8057,8058,8059,8063,8065,8071,8072,8075,8076,8080,8081,8083,8085,8087,8089,8090,8091,8092,8093,8094,8095,8096,8097,8098,8100,8101,8103,8104,8105,8106,8109,8110,8112,8113,8114,8115,8116,8117,8118,8120,8121,8124,8126,8130,8131,8133,8135,8136,8138,8139,8144,8148,8149,8150,8152,8154,8156,8157,8158,8159,8162,8163,8164,8165,8166,8168,8169,8173,8176,8179,8180,8181,8183,8189,8192,8194,8195,8196,8197,8198,8199,8200,8201,8202,8203,8205,8208,8209,8214,8215,8216,8217,8219,8221,8222,8224,8225,8227,8228,8229,8232,8233,8234,8236,8238,8239,8242,8245,8246,8248,8249,8251,8256,8257,8259,8260,8264,8269,8273,8274,8279,8280,8281,8282,8283,8286,8291,8293,8294,8295,8297,8298,8299,8300,8301,8302,8303,8307,8312,8317,8321,8323,8325,8326,8327,8330,8333,8337,8339,8340,8341,8342,8343,8346,8347,8350,8351,8352,8355,8356,8357,8359,8360,8363,8365,8366,8368,8369,8375,8377,8378,8379,8383,8387,8388,8391,8395,8396,8397,8398,8399,8400,8401,8402,8403,8405,8406,8407,8410,8414,8417,8418,8419,8420,8422,8424,8428,8429,8430,8431,8432,8433,8434,8437,8442,8443,8444,8445,8446,8448,8449,8451,8452,8456,8463,8465,8466,8468,8469,8470,8471,8472,8474,8475,8477,8481,8482,8484,8486,8490,8491,8492,8495,8499,8500,8501,8502,8504,8507,8508,8509,8510,8513,8515,8516,8517,8518,8521,8524,8525,8526,8528,8533,8534,8535,8536,8537,8542,8546,8547,8548,8550,8551,8552,8553,8554,8555,8558,8561,8566,8567,8568,8572,8575,8576,8578,8579,8580,8581,8584,8585,8587,8592,8594,8595,8597,8598,8600,8602,8603,8607,8609,8611,8612,8614,8616,8618,8619,8620,8621,8625,8627,8628,8631,8636,8638,8644,8645,8646,8650,8656,8657,8660,8661,8664,8665,8666,8669,8670,8671,8673,8674,8675,8677,8678,8679,8682,8684,8685,8686,8688,8689,8693,8694,8696,8697,8698,8699,8700,8701,8702,8706,8707,8708,8709,8711,8713,8715,8717,8718,8719,8722,8725,8727,8728,8729,8731,8733,8738,8740,8742,8743,8744,8746,8747,8749,8750,8751,8753,8757,8764,8766,8767,8768,8769,8770,8771,8772,8773,8776,8777,8779,8780,8783,8786,8787,8788,8793,8794,8795,8796,8797,8798,8800,8801,8802,8804,8805,8806,8807,8811,8813,8814,8815,8816,8818,8819,8822,8824,8826,8828,8831,8834,8836,8837,8840,8843,8846,8847,8848,8850,8851,8855,8858,8859,8860,8862,8865,8868,8869,8871,8872,8873,8874,8878,8879,8884,8886,8887,8888,8890,8891,8893,8898,8899,8901,8902,8904,8907,8908,8909,8911,8912,8915,8917,8918,8920,8921,8922,8923,8925,8926,8928,8930,8932,8933,8934,8935,8936,8938,8939,8940,8941,8943,8946,8948,8950,8952,8953,8954,8955,8956,8957,8959,8960,8962,8965,8966,8970,8971,8972,8974,8978,8979,8980,8983,8984,8986,8993,8994,8996,8997,8998,9000,9003,9006,9013,9015,9016,9017,9018,9023,9024,9025,9026,9027,9028,9029,9030,9031,9034,9035,9040,9043,9048,9050,9052,9053,9054,9055,9056,9058,9063,9064,9065,9066,9067,9069,9070,9071,9073,9078,9079,9082,9085,9086,9087,9089,9091,9094,9095,9096,9099,9101,9102,9103,9106,9107,9111,9115,9123,9124,9125,9126,9128,9129,9131,9132,9133,9135,9138,9139,9140,9145,9146,9147,9149,9151,9153,9155,9157,9158,9159,9162,9163,9166,9168,9169,9171,9172,9173,9175,9176,9178,9179,9180,9183,9184,9185,9186,9187,9188,9189,9190,9192,9199,9202,9203,9204,9205,9207,9208,9210,9211,9214,9215,9216,9217,9218,9220,9221,9226,9229,9230,9232,9233,9237,9238,9240,9241,9242,9243,9244,9245,9246,9247,9249,9252,9258,9259,9260,9263,9264,9266,9267,9268,9269,9270,9273,9274,9275,9276,9281,9282,9284,9289,9297,9301,9303,9304,9306,9307,9308,9311,9312,9314,9323,9324,9325,9326,9329,9330,9331,9332,9334,9337,9338,9339,9341,9342,9346,9347,9349,9350,9353,9354,9356,9357,9358,9361,9363,9365,9368,9370,9371,9372,9373,9375,9376,9377,9380,9383,9385,9386,9387,9392,9393,9395,9399,9401,9402,9404,9405,9406,9407,9408,9410,9411,9412,9413,9414,9416,9420,9423,9424,9426,9428,9430,9433,9436,9440,9448,9449,9451,9452,9454,9455,9460,9461,9462,9464,9467,9468,9471,9472,9478,9479,9481,9484,9485,9486,9487,9491,9493,9494,9499,9500,9503,9505,9507,9508,9509,9510,9512,9514,9516,9517,9519,9522,9523,9525,9528,9529,9530,9532,9535,9536,9539,9541,9543,9544,9545,9547,9548,9549,9550,9554,9555,9557,9559,9561,9563,9565,9566,9567,9570,9571,9573,9574,9575,9576,9577,9580,9582,9584,9586,9589,9591,9594,9597,9598,9599,9600,9601,9602,9606,9607,9613,9614,9615,9616,9617,9618,9623,9624,9625,9626,9628,9631,9638,9641,9645,9646,9649,9650,9651,9654,9655,9657,9660,9665,9668,9669,9670,9672,9674,9675,9677,9679,9681,9682,9687,9689,9691,9692,9693,9696,9712,9713,9714,9715,9716,9718,9721,9722,9726,9727,9728,9733,9734,9739,9740,9743,9748,9749,9750,9753,9755,9756,9757,9758,9759,9760,9764,9765,9766,9767,9768,9769,9770,9771,9773,9776,9777,9779,9780,9782,9783,9785,9786,9787,9788,9789,9790,9792,9793,9795,9796,9799,9800,9801,9804,9806,9810,9811,9815,9819,9821,9823,9826,9830,9831,9834,9835,9838,9839,9840,9841,9842,9844,9845,9847,9849,9851,9853,9854,9858,9859,9860,9861,9862,9863,9864,9865,9872,9874,9875,9876,9877,9879,9880,9884,9885,9887,9888,9890,9891,9893,9894,9898,9899,9900,9904,9907,9908,9911,9913,9914,9915,9916,9918,9922,9923,9925,9926,9927,9928,9929,9930,9932,9933,9934,9937,9938,9941,9942,9943,9946,9947,9951,9955,9958,9959,9960,9961,9964,9966,9967,9971,9975,9976,9977,9978,9980,9981,9982,9983,9987,9990,9991,9993
