algorithm: Simulated Annealing
n: 1000
capacity: 17544
status: success
total_value: 171925
total_weight: 17544
is_valid: True
selected_item_count: 554
indexing: 0-based

binary_selection_vector:
0,0,1,1,1,1,0,0,1,0,0,0,1,1,1,1,1,0,1,1,1,1,1,1,1,0,0,1,0,0,0,1,1,0,1,0,1,1,0,1,1,1,0,0,1,0,1,1,0,1,1,1,0,0,1,1,0,1,1,1,0,0,1,1,1,1,1,0,1,1,1,1,1,1,0,1,1,0,0,1,0,0,0,0,0,0,1,0,1,1,0,0,0,1,1,0,0,0,0,1,1,0,0,1,0,1,0,0,0,0,1,0,1,1,0,1,1,0,1,0,0,1,1,1,1,1,1,0,1,1,1,0,1,0,1,0,0,1,0,0,0,0,0,1,0,1,1,1,0,1,1,1,0,0,0,1,0,1,0,0,0,0,1,0,1,1,1,1,0,1,1,0,0,0,1,0,0,0,1,0,1,1,1,1,1,1,0,0,0,0,1,0,1,1,1,0,1,0,1,1,1,0,1,0,1,1,1,1,1,1,0,0,0,1,1,1,1,1,1,1,1,0,0,1,1,0,0,0,0,0,1,1,1,0,1,0,0,0,1,0,0,0,1,1,1,1,1,0,0,0,1,1,0,0,0,0,0,0,1,1,1,0,1,0,0,1,1,0,0,1,1,1,0,1,1,1,0,0,0,1,1,1,0,1,0,1,1,0,1,1,1,0,1,0,1,1,1,0,1,1,0,1,1,1,1,1,1,0,1,1,0,0,0,1,0,0,0,1,0,1,1,1,0,1,1,0,1,0,1,1,1,0,1,1,1,0,1,0,0,0,1,0,1,1,1,1,0,1,1,1,0,1,1,0,1,0,0,0,0,1,1,1,1,0,1,1,0,0,1,0,0,1,0,0,1,0,0,0,0,0,0,0,1,0,1,0,1,0,1,1,0,1,1,0,1,0,1,1,0,1,1,1,1,0,1,0,1,0,1,1,1,1,1,0,0,1,1,1,1,1,1,1,1,1,1,1,1,1,1,1,1,0,0,1,0,0,1,0,0,1,1,0,1,1,0,1,1,1,1,1,0,1,1,0,0,1,0,0,1,1,1,0,0,0,0,0,1,0,1,1,1,1,1,0,1,0,1,0,0,0,1,0,1,1,1,0,1,1,0,1,0,1,1,0,0,0,1,1,0,1,0,1,1,0,1,0,1,0,0,0,1,0,0,1,0,1,0,0,1,0,1,0,0,0,1,1,0,0,1,0,0,1,1,0,0,1,0,1,1,1,0,1,0,1,0,0,1,0,0,1,0,1,0,1,1,1,0,0,1,1,0,1,0,1,1,1,0,0,1,1,0,0,0,1,0,1,0,0,1,1,0,0,0,1,1,0,1,1,1,1,1,1,0,0,0,0,0,0,1,1,0,0,1,1,1,1,1,0,0,1,0,0,0,0,0,1,0,1,0,0,1,0,1,1,1,0,1,0,0,1,0,1,0,0,1,1,1,0,0,1,1,1,1,0,0,1,0,0,1,0,1,0,0,0,0,1,0,1,0,0,1,1,1,1,1,0,1,0,1,1,1,1,0,1,0,1,1,0,1,0,0,1,1,1,1,1,1,0,1,1,0,0,0,1,1,0,1,1,0,1,1,0,0,0,1,1,1,0,0,1,0,1,0,1,1,1,1,0,0,1,1,0,1,1,0,0,1,0,0,1,1,1,1,1,1,1,1,1,1,0,1,1,0,0,0,1,0,0,1,1,1,1,1,1,0,0,0,1,0,1,1,1,0,1,0,0,1,1,1,1,1,0,0,0,0,1,1,1,1,0,0,1,1,0,1,0,1,1,0,1,1,0,1,1,0,1,0,0,0,0,1,1,1,1,0,0,1,1,1,1,0,0,0,0,1,1,1,1,1,1,0,1,0,1,1,1,0,1,1,1,0,1,0,0,1,0,1,0,0,1,1,1,1,1,1,1,0,1,1,0,0,0,1,0,1,0,0,1,0,0,1,1,1,0,0,1,0,0,1,0,0,1,0,0,1,0,0,0,0,0,0,0,1,1,1,1,1,1,0,1,0,0,0,0,1,1,1,0,0,0,1,0,0,0,1,1,1,1,1,1,1,0,0,0,1,0,1,1,1,0,0,1,1,0,0,1,1,1,1,0,1,1,1,0,1,1,0,1,0,0,1,0,1,1,0,1,0,0,0,1,0,1,1,1,1,0,0,0,1,0,0,1,0,1,0,0,0,1,1,1,1,0,1,1,1,1,1,0,1,0,0,1,0,1,1,1,0,0,1,1,1,1,1,0,0,1,1,1,0,0

selected_item_indices:
2,3,4,5,8,12,13,14,15,16,18,19,20,21,22,23,24,27,31,32,34,36,37,39,40,41,44,46,47,49,50,51,54,55,57,58,59,62,63,64,65,66,68,69,70,71,72,73,75,76,79,86,88,89,93,94,99,100,103,105,110,112,113,115,116,118,121,122,123,124,125,126,128,129,130,132,134,137,143,145,146,147,149,150,151,155,157,162,164,165,166,167,169,170,174,178,180,181,182,183,184,185,190,192,193,194,196,198,199,200,202,204,205,206,207,208,209,213,214,215,216,217,218,219,220,223,224,230,231,232,234,238,242,243,244,245,246,250,251,258,259,260,262,265,266,269,270,271,273,274,275,279,280,281,283,285,286,288,289,290,292,294,295,296,298,299,301,302,303,304,305,306,308,309,313,317,319,320,321,323,324,326,328,329,330,332,333,334,336,340,342,343,344,345,347,348,349,351,352,354,359,360,361,362,364,365,368,371,374,382,384,386,388,389,391,392,394,396,397,399,400,401,402,404,406,408,409,410,411,412,415,416,417,418,419,420,421,422,423,424,425,426,427,428,429,430,433,436,439,440,442,443,445,446,447,448,449,451,452,455,458,459,460,466,468,469,470,471,472,474,476,480,482,483,484,486,487,489,491,492,496,497,499,501,502,504,506,510,513,515,518,520,524,525,528,531,532,535,537,538,539,541,543,546,549,551,553,554,555,558,559,561,563,564,565,568,569,573,575,578,579,583,584,586,587,588,589,590,591,598,599,602,603,604,605,606,609,615,617,620,622,623,624,626,629,631,634,635,636,639,640,641,642,645,648,650,655,657,660,661,662,663,664,666,668,669,670,671,673,675,676,678,681,682,683,684,685,686,688,689,693,694,696,697,699,700,704,705,706,709,711,713,714,715,716,719,720,722,723,726,729,730,731,732,733,734,735,736,737,738,740,741,745,748,749,750,751,752,753,757,759,760,761,763,766,767,768,769,770,775,776,777,778,781,782,784,786,787,789,790,792,793,795,800,801,802,803,806,807,808,809,814,815,816,817,818,819,821,823,824,825,827,828,829,831,834,836,839,840,841,842,843,844,845,847,848,852,854,857,860,861,862,865,868,871,874,882,883,884,885,886,887,889,894,895,896,900,904,905,906,907,908,909,910,914,916,917,918,921,922,925,926,927,928,930,931,932,934,935,937,940,942,943,945,949,951,952,953,954,958,961,963,967,968,969,970,972,973,974,975,976,978,981,983,984,985,988,989,990,991,992,995,996,997
