algorithm: Simulated Annealing
n: 500
capacity: 8727
status: success
total_value: 85742
total_weight: 8724
is_valid: True
selected_item_count: 264
indexing: 0-based

binary_selection_vector:
0,0,1,1,1,0,0,0,1,0,0,0,1,1,1,1,1,1,1,1,1,1,1,1,1,0,1,1,0,1,0,0,0,0,1,0,1,0,1,1,0,0,1,0,1,1,1,0,0,1,1,1,0,1,1,1,0,1,1,0,0,0,0,1,1,1,1,0,1,0,1,1,1,1,0,1,0,0,0,1,0,0,1,0,0,1,1,0,0,1,0,0,0,1,1,0,1,0,0,1,1,0,0,1,0,1,1,1,0,0,1,0,1,1,1,1,1,0,1,0,1,0,1,1,1,1,0,0,1,1,0,1,1,0,0,1,0,1,0,0,1,1,0,0,0,1,1,1,0,0,1,1,0,1,0,1,0,0,1,0,0,0,1,0,1,1,0,1,0,1,1,0,1,0,1,1,0,0,0,0,1,1,1,0,0,1,1,0,0,0,0,0,1,1,1,0,1,0,0,1,1,1,1,0,0,0,1,0,0,1,0,0,0,0,0,0,1,1,1,1,0,1,1,1,1,1,0,0,0,1,1,1,1,1,1,0,1,1,1,0,0,0,0,0,0,1,1,0,0,0,1,0,0,0,1,1,0,0,1,1,0,1,1,0,0,1,1,0,1,1,1,0,0,0,1,1,0,0,0,1,1,0,0,1,0,1,1,0,0,1,0,1,1,0,1,1,0,0,1,0,1,1,1,1,0,1,1,1,0,1,1,0,0,0,0,1,0,1,0,0,1,1,0,0,1,0,1,0,1,1,0,1,1,1,1,0,1,1,0,1,0,0,1,1,0,0,0,1,0,1,0,1,1,0,1,0,0,0,0,1,1,0,1,1,1,1,1,0,1,0,1,1,0,0,1,0,1,1,0,0,1,0,0,0,1,1,1,1,0,1,0,0,1,0,1,1,1,0,1,0,0,0,1,0,1,1,1,1,1,0,0,0,1,0,1,1,1,1,0,1,0,0,0,0,0,1,1,1,0,0,1,0,0,1,0,0,1,1,0,1,0,1,0,1,1,1,0,0,1,1,0,1,1,0,0,1,0,0,1,1,1,0,0,1,0,1,1,1,1,1,1,1,1,0,0,0,0,0,0,0,1,1,1,1,1,1,1,1,0,0,0,1,0,1,0,0,0,0,0,1

selected_item_indices:
2,3,4,8,12,13,14,15,16,17,18,19,20,21,22,23,24,26,27,29,34,36,38,39,42,44,45,46,49,50,51,53,54,55,57,58,63,64,65,66,68,70,71,72,73,75,79,82,85,86,89,93,94,96,99,100,103,105,106,107,110,112,113,114,115,116,118,120,122,123,124,125,128,129,131,132,135,137,140,141,145,146,147,150,151,153,155,158,162,164,165,167,169,170,172,174,175,180,181,182,185,186,192,193,194,196,199,200,201,202,206,209,216,217,218,219,221,222,223,224,225,229,230,231,232,233,234,236,237,238,245,246,250,254,255,258,259,261,262,265,266,268,269,270,274,275,279,280,283,285,286,289,291,292,294,295,298,300,301,302,303,305,306,307,309,310,315,317,320,321,324,326,328,329,331,332,333,334,336,337,339,342,343,347,349,351,352,354,359,360,362,363,364,365,366,368,370,371,374,376,377,380,384,385,386,387,389,392,394,395,396,398,402,404,405,406,407,408,412,414,415,416,417,419,425,426,427,430,433,436,437,439,441,443,444,445,448,449,451,452,455,458,459,460,463,465,466,467,468,469,470,471,472,480,481,482,483,484,485,486,487,491,493,499
